3.798113219970483331e-03
8.299341198366977368e-03
1.293222785829474183e-02
1.764839540059406561e-02
2.256548624743047113e-02
2.777643631869635907e-02
3.269804945164274390e-02
3.761648412163147437e-02
4.263843590653305232e-02
4.756514397867404875e-02
5.262095846540338490e-02
5.756031579008966115e-02
6.254738086573084777e-02
6.757793245805242266e-02
7.255917271873937868e-02
7.753384095836814149e-02
8.251793095580771398e-02
8.752751585855110539e-02
9.254701595891279275e-02
9.754962816585230345e-02
1.025319577549815564e-01
1.075115963337573560e-01
1.125102824869453066e-01
1.175500815351475520e-01
1.225369407693439466e-01
1.275260915928624061e-01
1.325302049517289860e-01
1.375062658167523766e-01
1.425134383761388623e-01
1.475259185391497030e-01
1.525299392618520711e-01
1.574945641255309225e-01
1.625189271701959204e-01
1.675460952755877531e-01
1.725291960336882979e-01
1.775301907015699177e-01
1.825147596880773437e-01
1.875360659894857451e-01
1.925323612841613463e-01
1.975198597713469506e-01
2.025153626490958370e-01
2.075088432181977083e-01
2.125177993514314467e-01
2.175004105537196863e-01
2.225093097263722841e-01
2.275289518807653011e-01
2.325285335280651289e-01
2.375276482184167370e-01
2.424990955345758259e-01
2.474998477592640633e-01
2.525200231637341752e-01
2.575182183021308413e-01
2.625255611121785626e-01
2.675305453620264728e-01
2.725404518957729727e-01
2.775333128253932857e-01
2.825123834702271686e-01
2.875104583320109986e-01
2.924971256070412196e-01
2.975058753683166302e-01
3.025121290118005235e-01
3.075010305668675059e-01
3.125134098098724111e-01
3.175159610161296109e-01
3.225221298316593987e-01
3.275181648077024055e-01
3.325123749530839445e-01
3.374959275080861021e-01
3.424919127583013756e-01
3.475179694433841449e-01
3.525059921296319065e-01
3.575140093809557884e-01
3.625250121899731282e-01
3.675230343842290082e-01
3.725176954699483955e-01
3.775162922269590937e-01
3.825226775013818581e-01
3.875129949299155330e-01
3.924957752247316689e-01
3.975064587042262398e-01
4.025281591738767428e-01
4.075225831108513774e-01
4.125228099574982377e-01
4.175153165358942986e-01
4.225112269532310116e-01
4.275193341825956339e-01
4.325204712563469611e-01
4.375072259220963433e-01
4.424932815306527045e-01
4.475081036444468752e-01
4.525091505980504691e-01
4.575059382916648598e-01
4.625073094670774099e-01
4.675075876475683900e-01
4.725094673409236945e-01
4.775010455491682237e-01
4.825040702186401131e-01
4.875082594715782758e-01
4.925128965755102839e-01
4.975154922627239018e-01
