3.798113219970482464e-03 2.811106755459345004e+04 1.908096951228153557e+04 4.565799395184412788e+03 0.000000000000000000e+00
8.299341198366977368e-03 3.280787767027805239e+04 4.660893898230322520e+03 1.694453939324112798e+04 0.000000000000000000e+00
1.293222785829474530e-02 5.544314574663365784e+04 1.542290173022956878e+04 -2.926818004149292028e+04 0.000000000000000000e+00
1.764839540059406214e-02 4.916311773410934256e+04 1.758913063419530590e+04 1.774570653373741152e+04 0.000000000000000000e+00
2.256548624743046766e-02 5.173273708206175070e+04 2.163152529062413669e+04 -1.550790540365657580e+04 0.000000000000000000e+00
2.777643631869635560e-02 5.112752498929994908e+04 2.808530668204027097e+04 1.016109952621794946e+04 0.000000000000000000e+00
3.269804945164275084e-02 4.224713009076537128e+04 2.129466109929250524e+04 -9.145158831019649369e+03 0.000000000000000000e+00
3.761648412163147437e-02 3.634577820337499725e+04 1.467954617844670611e+04 -4.375530484337881717e+03 0.000000000000000000e+00
4.263843590653306620e-02 3.176136350390807638e+04 1.479656849992628850e+04 4.685947182488922408e+03 0.000000000000000000e+00
4.756514397867403487e-02 2.876681200549468122e+04 1.223788595613096550e+04 -2.492055946105435851e+03 0.000000000000000000e+00
5.262095846540340571e-02 2.665243562405006014e+04 1.237605299855246267e+04 1.248934651593210901e+03 0.000000000000000000e+00
5.756031579008965421e-02 2.562668066594939592e+04 1.289977688950620905e+04 -8.237152060561758162e+02 0.000000000000000000e+00
6.254738086573084777e-02 2.436095880815581040e+04 1.170278555505780787e+04 4.530821619047230342e+03 0.000000000000000000e+00
6.757793245805240878e-02 2.303778431680108406e+04 8.871916035153328266e+03 -9.648487501259664612e+01 0.000000000000000000e+00
7.255917271873940644e-02 2.123921320103921244e+04 8.349760366441745646e+03 -4.688947775298327656e+02 0.000000000000000000e+00
7.753384095836814149e-02 1.941732125272227495e+04 8.677469755442831229e+03 2.453647374744163585e+02 0.000000000000000000e+00
8.251793095580771398e-02 1.803154713209592592e+04 8.453780631444764367e+03 -1.463909950396703834e+03 0.000000000000000000e+00
8.752751585855111927e-02 1.596008667981625331e+04 6.777686285973080885e+03 1.346658363548134503e+03 0.000000000000000000e+00
9.254701595891280663e-02 1.470311342572376998e+04 6.293787805658647812e+03 2.346516800041734996e+02 0.000000000000000000e+00
9.754962816585227570e-02 1.303338417107287569e+04 5.898257749633432468e+03 1.146486563551288555e+03 0.000000000000000000e+00
1.025319577549815842e-01 1.264631191702639626e+04 5.475926615884924104e+03 5.707583476718721158e+02 0.000000000000000000e+00
1.075115963337573005e-01 1.157689741106447582e+04 5.114097978648776007e+03 1.582790317614685449e+01 0.000000000000000000e+00
1.125102824869452928e-01 1.099760266181128463e+04 4.663741269531419675e+03 4.715366285813981904e+02 0.000000000000000000e+00
1.175500815351475242e-01 1.059869548204386047e+04 4.164837491378689265e+03 3.341294379859753576e+02 0.000000000000000000e+00
1.225369407693439466e-01 1.004470379735320785e+04 4.121703069371931633e+03 6.029457934278159428e+02 0.000000000000000000e+00
1.275260915928623784e-01 9.721330582824752128e+03 3.577346644997767271e+03 3.491639689219425691e+02 0.000000000000000000e+00
1.325302049517290137e-01 9.294177281908736404e+03 3.199144962912701885e+03 -1.379545819595626881e+02 0.000000000000000000e+00
1.375062658167523766e-01 8.832173781023979245e+03 3.286067138042171791e+03 6.267072052200651342e+02 0.000000000000000000e+00
1.425134383761388901e-01 8.327895333835655038e+03 3.255355020137127212e+03 2.499161152057026527e+02 0.000000000000000000e+00
1.475259185391497030e-01 7.781031060744920069e+03 2.842067865941187847e+03 1.938715295237598752e+02 0.000000000000000000e+00
1.525299392618520433e-01 7.262448286361980536e+03 2.706017476519461979e+03 9.890047912061289992e+01 0.000000000000000000e+00
1.574945641255308670e-01 7.051101147775548270e+03 2.658443444952474238e+03 2.778518630109902077e+01 0.000000000000000000e+00
1.625189271701959481e-01 6.488393446378540830e+03 2.379367720286462372e+03 2.912239748020807042e+02 0.000000000000000000e+00
1.675460952755878086e-01 6.272498192870033563e+03 2.422527935650090058e+03 5.434908676053329373e+02 0.000000000000000000e+00
1.725291960336882702e-01 6.049099816109185667e+03 2.104022329667439408e+03 4.047150670049414316e+02 0.000000000000000000e+00
1.775301907015699177e-01 5.783498234555599993e+03 1.983221661445473501e+03 2.992433783386036339e+02 0.000000000000000000e+00
1.825147596880773992e-01 5.562930782657626878e+03 1.872724054610975827e+03 2.551444788208557668e+02 0.000000000000000000e+00
1.875360659894858006e-01 5.369145703775119728e+03 1.912344082237022349e+03 2.736640004248676519e+02 0.000000000000000000e+00
1.925323612841613463e-01 5.192523157296514910e+03 1.724378653200773670e+03 3.687915929088054412e+01 0.000000000000000000e+00
1.975198597713469506e-01 4.972694845992758019e+03 1.599821212675020661e+03 4.510971678055251459e+02 0.000000000000000000e+00
2.025153626490958647e-01 4.790829177126397553e+03 1.420048241196484923e+03 2.284985329840991710e+02 0.000000000000000000e+00
2.075088432181976528e-01 4.605723644052335658e+03 1.334719014243323045e+03 2.443529067518585123e+02 0.000000000000000000e+00
2.125177993514315022e-01 4.467619879960950129e+03 1.392754999162954618e+03 3.486839878762046396e+02 0.000000000000000000e+00
2.175004105537196308e-01 4.302731447408581516e+03 1.273129972445794010e+03 2.475234411956084841e+02 0.000000000000000000e+00
2.225093097263723396e-01 4.110586197177104623e+03 1.244089678547176163e+03 2.560501189714153156e+02 0.000000000000000000e+00
2.275289518807653566e-01 3.968990762109783191e+03 1.072023031082788748e+03 9.469365379135909677e+01 0.000000000000000000e+00
2.325285335280651011e-01 3.841486606708751879e+03 1.107201957313361390e+03 2.401294308231873629e+02 0.000000000000000000e+00
2.375276482184167648e-01 3.693534319339727062e+03 9.172125697036608472e+02 2.281505738104536931e+02 0.000000000000000000e+00
2.424990955345757149e-01 3.576320934343325007e+03 8.348791957182062333e+02 2.114569501656824855e+02 0.000000000000000000e+00
2.474998477592641188e-01 3.485454325831193273e+03 7.689447477752539726e+02 1.320694495849366490e+02 0.000000000000000000e+00
2.525200231637342307e-01 3.389816707620887428e+03 7.784475325618669785e+02 1.390107248285092965e+02 0.000000000000000000e+00
2.575182183021308968e-01 3.254786310390922154e+03 7.281964943252945659e+02 2.788515354065440306e+02 0.000000000000000000e+00
2.625255611121785071e-01 3.176959928500276419e+03 7.273118956356578337e+02 3.555573952304499130e+02 0.000000000000000000e+00
2.675305453620264728e-01 3.064430419598629214e+03 6.466587710638203816e+02 1.741574602156419758e+02 0.000000000000000000e+00
2.725404518957729172e-01 2.984373975169788537e+03 5.606711130733550590e+02 2.435922130966534382e+02 0.000000000000000000e+00
2.775333128253933412e-01 2.876024946269316843e+03 5.675770227190931791e+02 2.040696571547736937e+02 0.000000000000000000e+00
2.825123834702271131e-01 2.817514527472310419e+03 5.381057169328909140e+02 2.672237797486892532e+02 0.000000000000000000e+00
2.875104583320110541e-01 2.720797482801552633e+03 5.072442517076617037e+02 1.380943528041406694e+02 0.000000000000000000e+00
2.924971256070411085e-01 2.625905352533453879e+03 4.762073220180391218e+02 1.543584047875036163e+02 0.000000000000000000e+00
2.975058753683166302e-01 2.564211426296836180e+03 4.376734243011377430e+02 2.418261223801137874e+02 0.000000000000000000e+00
3.025121290118005790e-01 2.497648858466531237e+03 4.055913586070197425e+02 2.616868544257584404e+02 0.000000000000000000e+00
3.075010305668673949e-01 2.424710616014011521e+03 3.361845898358688487e+02 2.725604242430087538e+02 0.000000000000000000e+00
3.125134098098725222e-01 2.358302603275642923e+03 3.631407707170882873e+02 2.713882346381067805e+02 0.000000000000000000e+00
3.175159610161296664e-01 2.313261666589773995e+03 2.964654297093969149e+02 2.124822451185314662e+02 0.000000000000000000e+00
3.225221298316593987e-01 2.244574954647160212e+03 2.411546207197909268e+02 2.505029356659893836e+02 0.000000000000000000e+00
3.275181648077025165e-01 2.164320852426164947e+03 2.073785802929962756e+02 1.968055070309991095e+02 0.000000000000000000e+00
3.325123749530838890e-01 2.143340879707842760e+03 2.264506128561761784e+02 2.627646151086801751e+02 0.000000000000000000e+00
3.374959275080861021e-01 2.050303972436649019e+03 2.168238896913706242e+02 1.881138230755673533e+02 0.000000000000000000e+00
3.424919127583013756e-01 2.006618947801391187e+03 1.724475341494935776e+02 2.386545365767517808e+02 0.000000000000000000e+00
3.475179694433840893e-01 1.965919874722966370e+03 1.150319245051404380e+02 2.538891332538428287e+02 0.000000000000000000e+00
3.525059921296319621e-01 1.931112930273523034e+03 1.054817294679591839e+02 1.978803145468865239e+02 0.000000000000000000e+00
3.575140093809558994e-01 1.879710338162809194e+03 8.898428320864435648e+01 2.552648615612065726e+02 0.000000000000000000e+00
3.625250121899730726e-01 1.847126556518563802e+03 7.497426432849576372e+01 2.386155361042715981e+02 0.000000000000000000e+00
3.675230343842288971e-01 1.784638521192298867e+03 8.249266994526654173e+01 2.433690218654292323e+02 0.000000000000000000e+00
3.725176954699483400e-01 1.745001829248973081e+03 4.299081995609891749e+01 2.642596647487608834e+02 0.000000000000000000e+00
3.775162922269590382e-01 1.701382742808203830e+03 7.684071780676973162e+00 2.495603439272647392e+02 0.000000000000000000e+00
3.825226775013818026e-01 1.648875649317621310e+03 1.225870646725537050e+01 2.709851892011756718e+02 0.000000000000000000e+00
3.875129949299156440e-01 1.612043375570791795e+03 1.531480194195280120e+01 2.335700858104193856e+02 0.000000000000000000e+00
3.924957752247316689e-01 1.587403812361312703e+03 -1.241401554551899267e+01 2.626955314966637047e+02 0.000000000000000000e+00
3.975064587042261843e-01 1.557286722818431144e+03 -2.431450028953033993e+01 2.388411873041594617e+02 0.000000000000000000e+00
4.025281591738766318e-01 1.520820076733052247e+03 -3.432287919455075809e+01 2.361689951500991071e+02 0.000000000000000000e+00
4.075225831108515440e-01 1.476919828359378016e+03 -5.691809157660906493e+01 2.566489600485409142e+02 0.000000000000000000e+00
4.125228099574981266e-01 1.452850434241588800e+03 -8.394374628089144608e+01 2.456999431893884491e+02 0.000000000000000000e+00
4.175153165358944651e-01 1.420494424647757114e+03 -7.178192099328445863e+01 2.760515381601836111e+02 0.000000000000000000e+00
4.225112269532309561e-01 1.393023735701602618e+03 -7.519520332276881902e+01 2.283141325222730416e+02 0.000000000000000000e+00
4.275193341825957449e-01 1.362612298674103158e+03 -9.611949737781263536e+01 2.474454010810386535e+02 0.000000000000000000e+00
4.325204712563468501e-01 1.328036942134280480e+03 -1.246005485197675000e+02 2.405760877565139424e+02 0.000000000000000000e+00
4.375072259220963988e-01 1.299225569052280889e+03 -1.380437294605624174e+02 2.260912353861989459e+02 0.000000000000000000e+00
4.424932815306526490e-01 1.283328156676369190e+03 -1.243968575383467652e+02 2.461382909481642400e+02 0.000000000000000000e+00
4.475081036444470417e-01 1.243211421975716803e+03 -1.500174502588341454e+02 2.757754762601289826e+02 0.000000000000000000e+00
4.525091505980503581e-01 1.227496922255575328e+03 -1.546380425098226397e+02 2.615324325518542423e+02 0.000000000000000000e+00
4.575059382916647488e-01 1.192453653103122861e+03 -1.674485857176206878e+02 2.717230774790792793e+02 0.000000000000000000e+00
4.625073094670774654e-01 1.172955041044024256e+03 -1.830746270773265394e+02 2.580383184746607412e+02 0.000000000000000000e+00
4.675075876475686121e-01 1.145767454419481965e+03 -1.806920770857244065e+02 2.796307200942362670e+02 0.000000000000000000e+00
4.725094673409236390e-01 1.128405515911010070e+03 -2.016267438189679240e+02 2.524260814948502798e+02 0.000000000000000000e+00
4.775010455491682237e-01 1.104023534590377039e+03 -2.049736952273761119e+02 2.553099475473488837e+02 0.000000000000000000e+00
4.825040702186400021e-01 1.080813460124097219e+03 -1.908225251443908235e+02 2.834586242458244101e+02 0.000000000000000000e+00
4.875082594715782203e-01 1.071199148297899001e+03 -2.085590839123917988e+02 2.601161519158933970e+02 0.000000000000000000e+00
4.925128965755101174e-01 1.038875315132512924e+03 -2.138060329781375231e+02 2.946933187164821675e+02 0.000000000000000000e+00
4.975154922627240128e-01 1.025770056829418763e+03 -2.011342284087447467e+02 2.466687798903254247e+02 0.000000000000000000e+00
