3.798113219970482464e-03 2.916252911946424501e+04 2.999425500071287752e+04 -1.061996085327057335e+04 0.000000000000000000e+00
8.299341198366977368e-03 4.674932511365519167e+04 6.610364833035771881e+03 -1.914032863380122990e+03 0.000000000000000000e+00
1.293222785829474530e-02 4.557905495515360235e+04 1.619858907902360272e+02 -1.933777334804810266e+02 0.000000000000000000e+00
1.764839540059406214e-02 5.448228243049486628e+04 2.088743990479837157e+04 1.468791897836857061e+03 0.000000000000000000e+00
2.256548624743046766e-02 5.357198019423218648e+04 2.225011094285693980e+04 -1.959456781500389479e+04 0.000000000000000000e+00
2.777643631869635560e-02 4.921805373608841910e+04 1.845166042900730463e+04 3.948614373333252388e+03 0.000000000000000000e+00
3.269804945164275084e-02 4.240482547829538817e+04 1.757798286000753069e+04 -3.441383830857007069e+03 0.000000000000000000e+00
3.761648412163147437e-02 3.735535564959348994e+04 1.587215907388757842e+04 5.524923656869854312e+03 0.000000000000000000e+00
4.263843590653306620e-02 3.237338496117004615e+04 1.535316743316438078e+04 3.436147041643807370e+03 0.000000000000000000e+00
4.756514397867403487e-02 2.891131869827391711e+04 1.026195061390189039e+04 -2.544472635392773554e+03 0.000000000000000000e+00
5.262095846540340571e-02 2.723600936105099390e+04 1.227437984491815769e+04 5.718743268127107513e+03 0.000000000000000000e+00
5.756031579008965421e-02 2.529533173429384260e+04 1.258226591750881926e+04 -2.274589952135946533e+03 0.000000000000000000e+00
6.254738086573084777e-02 2.321590684904335285e+04 1.090819935386583711e+04 1.377388545364323591e+03 0.000000000000000000e+00
6.757793245805240878e-02 2.188501312052913636e+04 1.043837336910758313e+04 7.412811862680453032e+02 0.000000000000000000e+00
7.255917271873940644e-02 2.121583884315754767e+04 8.974706267801109789e+03 -2.059325601222429043e+02 0.000000000000000000e+00
7.753384095836814149e-02 1.893190672328091023e+04 8.415479912278819029e+03 2.485061009725926397e+03 0.000000000000000000e+00
8.251793095580771398e-02 1.784687876038821196e+04 7.225070404736138698e+03 -5.780889184886784733e+02 0.000000000000000000e+00
8.752751585855111927e-02 1.609374975416195775e+04 7.195139613309039305e+03 1.495999982386480269e+03 0.000000000000000000e+00
9.254701595891280663e-02 1.520721401671967942e+04 6.583602608222791787e+03 1.058696571188771713e+03 0.000000000000000000e+00
9.754962816585227570e-02 1.318034825046307924e+04 5.325153207085104441e+03 -4.520669352353374961e+02 0.000000000000000000e+00
1.025319577549815842e-01 1.259393490770747667e+04 5.461716234363097101e+03 -2.274464505617879126e+02 0.000000000000000000e+00
1.075115963337573005e-01 1.165524147516021731e+04 4.519744765872716926e+03 1.061716785395087186e+02 0.000000000000000000e+00
1.125102824869452928e-01 1.088357448458117324e+04 4.046759649336531766e+03 6.570548549432850223e+02 0.000000000000000000e+00
1.175500815351475242e-01 1.054031449558988970e+04 4.717583438889319041e+03 4.328457881184103826e+02 0.000000000000000000e+00
1.225369407693439466e-01 1.027986757966641380e+04 4.334757540017983956e+03 -6.011838192955505633e+01 0.000000000000000000e+00
1.275260915928623784e-01 9.712656882074070381e+03 4.229235454046431187e+03 8.967596234708065595e+01 0.000000000000000000e+00
1.325302049517290137e-01 9.277171677331161845e+03 3.463211603414362799e+03 -4.577521553278031092e+02 0.000000000000000000e+00
1.375062658167523766e-01 8.909284292661615837e+03 3.525435214503712814e+03 5.354629047261124697e+02 0.000000000000000000e+00
1.425134383761388901e-01 8.226499799709046783e+03 2.967836672349218588e+03 -2.261175750638365756e+01 0.000000000000000000e+00
1.475259185391497030e-01 7.863980892195521847e+03 2.872712929751457523e+03 2.131063168440563516e+02 0.000000000000000000e+00
1.525299392618520433e-01 7.290350196566278100e+03 2.860252575115963282e+03 3.659745175693029751e+02 0.000000000000000000e+00
1.574945641255308670e-01 6.863259701734065857e+03 2.568941227296184479e+03 3.116110689152920372e+02 0.000000000000000000e+00
1.625189271701959481e-01 6.573836380022796220e+03 2.587197500650099300e+03 3.532211849174622671e+02 0.000000000000000000e+00
1.675460952755878086e-01 6.275372966835223451e+03 2.279525992750079240e+03 1.202630153750259581e+02 0.000000000000000000e+00
1.725291960336882702e-01 5.992847429444253976e+03 2.146592231944877767e+03 5.418861027788359479e+02 0.000000000000000000e+00
1.775301907015699177e-01 5.762590354623610438e+03 1.896067596398925161e+03 1.810133375236201232e+02 0.000000000000000000e+00
1.825147596880773992e-01 5.547467335996049769e+03 2.085391556277118070e+03 2.228939405297579697e+02 0.000000000000000000e+00
1.875360659894858006e-01 5.381929578812222644e+03 1.779267761839123068e+03 3.866140660038572605e+02 0.000000000000000000e+00
1.925323612841613463e-01 5.222790901438751462e+03 1.630050291304355596e+03 2.036529172050003922e+02 0.000000000000000000e+00
1.975198597713469506e-01 5.053314436944455338e+03 1.535249904444475305e+03 2.840661244782592121e+02 0.000000000000000000e+00
2.025153626490958647e-01 4.793716821096314561e+03 1.607619541019362487e+03 1.415992202416805412e+02 0.000000000000000000e+00
2.075088432181976528e-01 4.654018351768674620e+03 1.410164129964247195e+03 1.893234838263270774e+02 0.000000000000000000e+00
2.125177993514315022e-01 4.465441899781478241e+03 1.355347296398326307e+03 2.087681021820833109e+02 0.000000000000000000e+00
2.175004105537196308e-01 4.258713296770826673e+03 1.280425820705652995e+03 1.148671989984866570e+02 0.000000000000000000e+00
2.225093097263723396e-01 4.135694079204457012e+03 1.177581572118951271e+03 2.440838862594347631e+02 0.000000000000000000e+00
2.275289518807653566e-01 3.968438974911792684e+03 1.171295122166833607e+03 1.767294801087685698e+02 0.000000000000000000e+00
2.325285335280651011e-01 3.844515301728215036e+03 1.101932710145826377e+03 2.147230781157234674e+02 0.000000000000000000e+00
2.375276482184167648e-01 3.666335513971896034e+03 9.492706780543443301e+02 1.635938963407082269e+02 0.000000000000000000e+00
2.424990955345757149e-01 3.602198214038230162e+03 9.216102363661941581e+02 2.042140531368145275e+02 0.000000000000000000e+00
2.474998477592641188e-01 3.462317523773702305e+03 8.650490563460265321e+02 3.164784743402607319e+02 0.000000000000000000e+00
2.525200231637342307e-01 3.362749761222612506e+03 8.326019292699029393e+02 2.625899061049097440e+02 0.000000000000000000e+00
2.575182183021308968e-01 3.243958290897356164e+03 7.099489935931322862e+02 2.454043279280415675e+02 0.000000000000000000e+00
2.625255611121785071e-01 3.181381714417274907e+03 6.996139100662902592e+02 2.552731107974590259e+02 0.000000000000000000e+00
2.675305453620264728e-01 3.067416497994954625e+03 6.235004256787556187e+02 2.055805652644610007e+02 0.000000000000000000e+00
2.725404518957729172e-01 2.978775766982764708e+03 6.221731955157556513e+02 1.947557998868323637e+02 0.000000000000000000e+00
2.775333128253933412e-01 2.876735598613925504e+03 5.087266535243245471e+02 1.632396935980389401e+02 0.000000000000000000e+00
2.825123834702271131e-01 2.795859039792288513e+03 5.610615182962169456e+02 2.175149316669001109e+02 0.000000000000000000e+00
2.875104583320110541e-01 2.719951004734050912e+03 4.931560013678086420e+02 2.961237001117066825e+02 0.000000000000000000e+00
2.924971256070411085e-01 2.640700105149825504e+03 4.705235638145549615e+02 1.266315907867547708e+02 0.000000000000000000e+00
2.975058753683166302e-01 2.572287175272425429e+03 4.248793162278727777e+02 2.653846707174294579e+02 0.000000000000000000e+00
3.025121290118005790e-01 2.462536998260768542e+03 3.646619017162274758e+02 2.269948123226907342e+02 0.000000000000000000e+00
3.075010305668673949e-01 2.418990895532155719e+03 3.703313386547357027e+02 2.933765874102611519e+02 0.000000000000000000e+00
3.125134098098725222e-01 2.347112598059414722e+03 3.109546627863663275e+02 2.046988023510817811e+02 0.000000000000000000e+00
3.175159610161296664e-01 2.289640779164504693e+03 2.577034097432292015e+02 2.000138562003330662e+02 0.000000000000000000e+00
3.225221298316593987e-01 2.234315456432071642e+03 2.992058791283048436e+02 2.470788779161140383e+02 0.000000000000000000e+00
3.275181648077025165e-01 2.181364483405834108e+03 2.227450580695530391e+02 1.942196017259191478e+02 0.000000000000000000e+00
3.325123749530838890e-01 2.128684184978871144e+03 2.185591840108809265e+02 2.650380983385392142e+02 0.000000000000000000e+00
3.374959275080861021e-01 2.076575665712353384e+03 1.698929791755836050e+02 1.975078377454828740e+02 0.000000000000000000e+00
3.424919127583013756e-01 2.019731719440133475e+03 1.462373830855820529e+02 2.346118113006886006e+02 0.000000000000000000e+00
3.475179694433840893e-01 1.962423219797730553e+03 1.539568460093235274e+02 2.741905132424691374e+02 0.000000000000000000e+00
3.525059921296319621e-01 1.923410962696319302e+03 1.171071550265543806e+02 2.081333157904230120e+02 0.000000000000000000e+00
3.575140093809558994e-01 1.872630986096168499e+03 1.219455846748625589e+02 2.900468983679529629e+02 0.000000000000000000e+00
3.625250121899730726e-01 1.825085912699578330e+03 1.151812500626187017e+02 2.168345717872720684e+02 0.000000000000000000e+00
3.675230343842288971e-01 1.784147670015833000e+03 6.296698183870051224e+01 1.974767826143497302e+02 0.000000000000000000e+00
3.725176954699483400e-01 1.742640201701279238e+03 2.640489918456115603e+01 1.898601492543548090e+02 0.000000000000000000e+00
3.775162922269590382e-01 1.682437744028355382e+03 4.653825919155460156e+01 2.299436173757773929e+02 0.000000000000000000e+00
3.825226775013818026e-01 1.659042570849404001e+03 -8.282444652642038108e+00 3.224488057378210328e+02 0.000000000000000000e+00
3.875129949299156440e-01 1.627717494032970308e+03 -3.810671629084777123e+01 2.342708701732522059e+02 0.000000000000000000e+00
3.924957752247316689e-01 1.594361996044959142e+03 1.647649255218234021e+00 2.485492294681067165e+02 0.000000000000000000e+00
3.975064587042261843e-01 1.545191989770762120e+03 -5.741897774919030439e+01 2.644997364272314258e+02 0.000000000000000000e+00
4.025281591738766318e-01 1.517760776573248904e+03 -1.662213246009788747e+01 2.523931368524336847e+02 0.000000000000000000e+00
4.075225831108515440e-01 1.486284084278424871e+03 -6.504134459229483411e+01 3.060237878641988232e+02 0.000000000000000000e+00
4.125228099574981266e-01 1.454777570831281992e+03 -5.706789146957473946e+01 2.253071008364861996e+02 0.000000000000000000e+00
4.175153165358944651e-01 1.415852625343145746e+03 -8.122409641727881535e+01 2.580756402030748404e+02 0.000000000000000000e+00
4.225112269532309561e-01 1.380604655532903053e+03 -1.060136864599197395e+02 2.715894562131423982e+02 0.000000000000000000e+00
4.275193341825957449e-01 1.360448192869024979e+03 -1.157236272104236008e+02 2.625034459555132003e+02 0.000000000000000000e+00
4.325204712563468501e-01 1.314950566624589555e+03 -1.163435497068691546e+02 2.746604333960377744e+02 0.000000000000000000e+00
4.375072259220963988e-01 1.296856398364056759e+03 -1.447392375895279883e+02 2.556673324802619902e+02 0.000000000000000000e+00
4.424932815306526490e-01 1.275992732694509868e+03 -1.607210557070658865e+02 2.736170962122134824e+02 0.000000000000000000e+00
4.475081036444470417e-01 1.251473000404914728e+03 -1.297195122028378762e+02 2.580938763961549967e+02 0.000000000000000000e+00
4.525091505980503581e-01 1.219947881283365859e+03 -1.447599437606057506e+02 2.753019812466467329e+02 0.000000000000000000e+00
4.575059382916647488e-01 1.203036233015817970e+03 -1.894497119498597613e+02 2.886730366767291116e+02 0.000000000000000000e+00
4.625073094670774654e-01 1.178864890616546745e+03 -1.821654414056488918e+02 2.420024650381424749e+02 0.000000000000000000e+00
4.675075876475686121e-01 1.151037033116230987e+03 -1.884121289919762035e+02 2.863202392172053692e+02 0.000000000000000000e+00
4.725094673409236390e-01 1.134961425536115485e+03 -1.954762570777907627e+02 2.905981726984370539e+02 0.000000000000000000e+00
4.775010455491682237e-01 1.103991676250038836e+03 -2.032900702183850967e+02 2.584190438797339766e+02 0.000000000000000000e+00
4.825040702186400021e-01 1.093473734401627325e+03 -1.987537195713806000e+02 2.704761747384670798e+02 0.000000000000000000e+00
4.875082594715782203e-01 1.065694351209161141e+03 -2.169643020641184137e+02 2.597386967707049052e+02 0.000000000000000000e+00
4.925128965755101174e-01 1.042020460091467839e+03 -2.207565481266634038e+02 2.801859151430136308e+02 0.000000000000000000e+00
4.975154922627240128e-01 1.025565027145144086e+03 -2.324284928196982491e+02 2.827170064907462006e+02 0.000000000000000000e+00
