3.798113303144001317e-03 1.872005984908880055e+04 1.913594057974779571e+04 3.975561765271946933e+04
8.299341275452003230e-03 3.268553739276160195e+04 1.492552819081740017e+04 1.167377352163919750e+04
1.293222787701999582e-02 3.693923322466239188e+04 1.626929070847841285e+04 -9.198963672806501563e+03
1.764839572337001047e-02 3.914836822386718995e+04 2.058233254336512255e+04 1.237390644074672127e+04
2.256548679260999765e-02 3.676644217988599121e+04 1.751069051513984232e+04 -8.752519462716958515e+03
2.777643695507000729e-02 3.294584459198600234e+04 1.649392395251520065e+04 4.951784810368180842e+03
3.269805018023999588e-02 2.902851042856600543e+04 1.446734802027819751e+04 -3.024530073393092607e+03
3.761648509991000200e-02 2.534490378598759708e+04 1.250676191403291887e+04 2.570615083073304959e+03
4.263843730756999156e-02 2.243864083709120678e+04 1.070312547880472084e+04 3.926768542946688854e+02
4.756514578967998425e-02 2.031912449604519861e+04 9.821673949185358651e+03 -2.793373274107224461e+03
5.262096028948002463e-02 1.877775095263719777e+04 8.991545180442961282e+03 1.658778144189803925e+03
5.756031729613002301e-02 1.751257262975120102e+04 8.739404233993840535e+03 5.305170316595817894e+02
6.254738268581004623e-02 1.673933818857040387e+04 8.321957283968200500e+03 9.019744336007456695e+02
6.757793520050997538e-02 1.579632849229359817e+04 7.511871448532961040e+03 2.455693226977159682e+01
7.255917576516000833e-02 1.471617072232400460e+04 6.957809848780120774e+03 1.588417140145461133e+02
7.753384356319002746e-02 1.358564321841320088e+04 6.471803791558360899e+03 1.131113885249515988e+03
8.251793387396993973e-02 1.242571258232759828e+04 5.878808585203599250e+03 -5.753658051514320277e+02
8.752751929944001252e-02 1.131511196044079952e+04 5.668869696505960746e+03 1.046511504066279940e+03
9.254701929467000487e-02 1.031885332901243783e+04 4.709281579632040120e+03 3.389466355709525942e+02
9.754963104888000891e-02 9.353455886597801509e+03 4.466045988940600182e+03 3.024017311144032192e+02
1.025319606421000035e-01 8.713884148769519015e+03 4.259806805150559740e+03 5.432092852560440406e+02
1.075115996071000501e-01 8.180098118894759864e+03 3.871783638316399902e+03 -3.470098260385119033e+02
1.125102860117000031e-01 7.787080102479598281e+03 3.690747996108279949e+03 7.946245278542400001e+02
1.175500847827000012e-01 7.514959650063321533e+03 3.473704110989000128e+03 1.426116797582287745e+02
1.225369442402999692e-01 7.213143066972357701e+03 3.387280180726520030e+03 5.917089079679664820e+01
1.275260951232999596e-01 6.928629934558919558e+03 3.138429457304040625e+03 3.993382567329923631e+02
1.325302087983999677e-01 6.648507815074519385e+03 2.979563780682959987e+03 -3.882946172487015701e+02
1.375062702213000199e-01 6.361231804361039394e+03 2.921289722023239392e+03 8.379917427929599398e+02
1.425134427792000558e-01 5.972733596681358904e+03 2.712558820844079492e+03 -6.329469290042759155e+01
1.475259229021999297e-01 5.648416921985160116e+03 2.597136337812879447e+03 2.972844918634908140e+02
1.525299435375999935e-01 5.321039145139481661e+03 2.420282860355880075e+03 3.896505809919835315e+02
1.574945689916998903e-01 5.002344660549159926e+03 2.360333903117440059e+03 3.621026696923799904e+01
1.625189325235000537e-01 4.740891342035961316e+03 2.260740656962839694e+03 3.971347221179372013e+02
1.675461009593001149e-01 4.508541449405560343e+03 2.103233410472800188e+03 1.193044572111478452e+01
1.725292015797000311e-01 4.353570386341279118e+03 1.996358773421000024e+03 4.724168107967439596e+02
1.775301965632999357e-01 4.204319083322039660e+03 1.889423769136679994e+03 2.329182061843756628e+02
1.825147654021000987e-01 4.077501682741239620e+03 1.793476463364639585e+03 2.040639231756856375e+01
1.875360718248000047e-01 3.968665308964879387e+03 1.805300296462959750e+03 3.307562524691127805e+02
1.925323672161000921e-01 3.852922220520079918e+03 1.671505222715999935e+03 9.270609281868317453e+01
1.975198655322999430e-01 3.715316933876919393e+03 1.598151066497239526e+03 3.668977320222800245e+02
2.025153687061998775e-01 3.585603307217679685e+03 1.531088731023600303e+03 5.009245886887617161e+01
2.075088491485000408e-01 3.430454885778680364e+03 1.461896293612000363e+03 9.982363452575835083e+01
2.125178053352999308e-01 3.324170965266279381e+03 1.409771624826639709e+03 2.559922917926524235e+02
2.175004168613999533e-01 3.175428982361439921e+03 1.376608849581760296e+03 4.677320161595132220e+01
2.225093165708000587e-01 3.072474612343560239e+03 1.313394395106879756e+03 3.754205050860239794e+02
2.275289584072001381e-01 2.956853422130599483e+03 1.258490132514599736e+03 9.653959146196694974e+01
2.325285402255000966e-01 2.866635606040439598e+03 1.252735230802679780e+03 1.836834268696904076e+02
2.375276550388998875e-01 2.774701791810759914e+03 1.184901091773619783e+03 2.304905069899268426e+02
2.424991023866998607e-01 2.698860446341479928e+03 1.095616010615180130e+03 4.375820585006240293e+01
2.474998546693000512e-01 2.631587091546520242e+03 1.093923350025168020e+03 2.594524397979211585e+02
2.525200303300998983e-01 2.551895223571080351e+03 1.020961163177391995e+03 1.425254128561763594e+02
2.575182252286998819e-01 2.484641625417920295e+03 9.623720459892321060e+02 1.373395201423463448e+02
2.625255682552001257e-01 2.419354161541640224e+03 9.366620617279957060e+02 1.724534283226852267e+02
2.675305528585998349e-01 2.353222579175560440e+03 9.165974769181841566e+02 5.442213825414365047e+00
2.725404592286000405e-01 2.278226069851520151e+03 8.800543854591679747e+02 2.661840179350989501e+02
2.775333203269000903e-01 2.226750762260759984e+03 8.417449033459840848e+02 1.206319642539219359e+02
2.825123909949000534e-01 2.158863420208840125e+03 8.422057225088158248e+02 1.719824893938330206e+02
2.875104659714001198e-01 2.092729877636640140e+03 7.578294851643361199e+02 1.710679735867067564e+02
2.924971330110001655e-01 2.037460947763039940e+03 7.520004733121280651e+02 -1.062526672045359710e+01
2.975058831641999024e-01 1.989615263912359296e+03 7.164170805341683490e+02 2.333759477444708637e+02
3.025121371194001707e-01 1.957548184987560489e+03 7.286255276928080775e+02 7.833778436496203312e+01
3.075010390757998979e-01 1.894958848494840140e+03 6.807379682727838599e+02 2.732064181145211705e+02
3.125134183305000035e-01 1.858988681696280537e+03 6.190159614470080669e+02 1.302116008374219689e+02
3.175159698409998899e-01 1.813403671473120085e+03 6.052206745735959430e+02 9.611047613869584438e+01
3.225221392747999460e-01 1.770695750710600123e+03 5.747325961155361256e+02 2.259068078447836285e+02
3.275181746838998764e-01 1.730240050045239968e+03 5.594767377781959112e+02 4.152175014048430768e+01
3.325123851941000352e-01 1.691667003348360367e+03 5.584967254960639593e+02 2.592746502329828218e+02
3.374959374422000780e-01 1.656571394159200509e+03 5.180577999222718972e+02 8.237732455438923296e+01
3.424919227509002351e-01 1.621083010826279860e+03 5.110952481147240292e+02 1.372880868560184240e+02
3.475179790418999048e-01 1.578291985709040546e+03 4.822160217301159832e+02 2.334128296197455938e+02
3.525060021472999905e-01 1.544829731581760370e+03 4.547852124585160141e+02 5.046573198023935447e+01
3.575140192513000525e-01 1.507052817807239762e+03 4.274925679010719364e+02 2.009950955881009520e+02
3.625250223841999242e-01 1.477849403632239955e+03 4.239085830043439387e+02 1.095708000499280246e+02
3.675230442945000564e-01 1.455458468705320229e+03 4.218824918298399780e+02 1.605754625954820085e+02
3.725177058598999613e-01 1.418798417806039879e+03 3.765713847768438995e+02 1.382103662605943839e+02
3.775163027578999353e-01 1.389079747971240522e+03 3.698434294660040109e+02 8.394920662276263101e+01
3.825226885416999623e-01 1.366609475127640280e+03 3.547745597771559574e+02 1.986924065563999875e+02
3.875130058991997917e-01 1.328912344736600062e+03 3.500424020362079318e+02 1.068130800094790374e+02
3.924957858313000147e-01 1.304606811034279872e+03 3.222297680398640409e+02 1.869413381942299850e+02
3.975064697965001170e-01 1.280022049759839774e+03 3.038424695851240358e+02 1.594927417416412254e+02
4.025281700179999533e-01 1.259467189913040102e+03 2.755815099309560310e+02 5.517585157088055325e+01
4.075225942469000717e-01 1.229869113648999928e+03 2.822836055948600347e+02 2.122614762567895639e+02
4.125228208653001771e-01 1.216092937675279927e+03 2.664136348807879244e+02 9.212949668283674498e+01
4.175153278773001131e-01 1.183982242533600129e+03 2.541127233108400389e+02 1.704151743287588374e+02
4.225112384180000347e-01 1.160809715299079926e+03 2.475881882450720184e+02 8.804946256373517599e+01
4.275193459963000930e-01 1.140285550410520045e+03 2.533459628006839637e+02 1.390598247953290922e+02
4.325204831141000184e-01 1.118588346134680251e+03 2.046969900922159979e+02 1.441484408452803905e+02
4.375072379844001103e-01 1.098452045736519949e+03 2.099904172528360107e+02 1.064918366469876361e+02
4.424932941767998340e-01 1.084696474282200143e+03 1.945575180667480026e+02 1.910899643382331590e+02
4.475081165396998517e-01 1.059497624476199917e+03 1.986452295367879799e+02 1.293280894545636102e+02
4.525091635647000010e-01 1.037513543043919981e+03 1.739113092322279499e+02 1.388165613525391962e+02
4.575059511121002953e-01 1.021850278906911853e+03 1.469208312139471957e+02 1.530552512222748192e+02
4.625073226508001900e-01 1.008922163595847906e+03 1.337081524318479921e+02 6.463739638241939645e+01
4.675076008978998332e-01 9.844484835299844008e+02 1.480341527565059891e+02 2.001069705798144014e+02
4.725094808578001460e-01 9.683771111075999443e+02 1.250247947845444259e+02 1.412366459749551666e+02
4.775010590491999274e-01 9.522106150209999669e+02 1.125905220323499947e+02 1.349076043480948215e+02
4.825040838441997937e-01 9.372406894037117127e+02 1.087381197067088010e+02 1.710354322542307557e+02
4.875082731090998878e-01 9.192445797269078867e+02 8.617018525097721238e+01 1.276195103063683973e+02
4.925129104176000361e-01 9.052727625944920646e+02 9.494227295810753731e+01 2.246765638988919704e+02
4.975155064303998231e-01 8.902824931038240948e+02 7.844444445891309670e+01 9.169952675115162322e+01
