3.798113219970482464e-03 1.136502418215596117e+04 1.136963647336610302e+04 5.630350689249091374e+03 0.000000000000000000e+00
8.299341198366977368e-03 4.641881903069764667e+04 2.604830364693353113e+04 -1.333025339340877963e+03 0.000000000000000000e+00
1.293222785829474530e-02 5.538055074369013892e+04 3.651469770251712180e+04 -3.618523298818981402e+03 0.000000000000000000e+00
1.764839540059406214e-02 5.694930595808544604e+04 4.977425249127341522e+04 4.008193100654504815e+04 0.000000000000000000e+00
2.256548624743046766e-02 5.495597357001614728e+04 2.397831573390242920e+04 -9.290429178826152565e+03 0.000000000000000000e+00
2.777643631869635560e-02 4.598562994624148268e+04 1.175712111167219882e+04 1.704627489974797300e+03 0.000000000000000000e+00
3.269804945164275084e-02 4.206072455444077787e+04 1.569807588752370248e+04 -6.912911376417682732e+03 0.000000000000000000e+00
3.761648412163147437e-02 3.871645912694338767e+04 2.122142226360644781e+04 1.113860343217322406e+04 0.000000000000000000e+00
4.263843590653306620e-02 3.194912791603394362e+04 1.633498231163002129e+04 2.343748898737521529e+02 0.000000000000000000e+00
4.756514397867403487e-02 2.920608098993358362e+04 1.347886490105023586e+04 -3.530537552852077624e+03 0.000000000000000000e+00
5.262095846540340571e-02 2.790374130284885177e+04 1.432626521414994204e+04 -4.426585956732680529e+02 0.000000000000000000e+00
5.756031579008965421e-02 2.558643543006265463e+04 1.227295035975337123e+04 4.065222074459541091e+02 0.000000000000000000e+00
6.254738086573084777e-02 2.369529756215738234e+04 1.188608998342449013e+04 1.876740285629965456e+03 0.000000000000000000e+00
6.757793245805240878e-02 2.297300113984126074e+04 1.107483733009370371e+04 6.328890607636208188e+02 0.000000000000000000e+00
7.255917271873940644e-02 2.152775734327593455e+04 9.245524232052262960e+03 4.566388068288733670e+00 0.000000000000000000e+00
7.753384095836814149e-02 1.923579483386674838e+04 7.974064711468418864e+03 1.692554750495442022e+03 0.000000000000000000e+00
8.251793095580771398e-02 1.790769168426191754e+04 6.930018681606316932e+03 1.249487925047431645e+03 0.000000000000000000e+00
8.752751585855111927e-02 1.564278463161070067e+04 6.482161794047814510e+03 1.499952501452705519e+03 0.000000000000000000e+00
9.254701595891280663e-02 1.468653558536113269e+04 7.002815171331470992e+03 1.379145568050443671e+03 0.000000000000000000e+00
9.754962816585227570e-02 1.337762216569667180e+04 5.371063143812541057e+03 5.949502067536618597e+02 0.000000000000000000e+00
1.025319577549815842e-01 1.251432402136637938e+04 5.690164471881518693e+03 2.230575056886746665e+02 0.000000000000000000e+00
1.075115963337573005e-01 1.158263799385125094e+04 4.243222497205060790e+03 -3.108284418582671833e+02 0.000000000000000000e+00
1.125102824869452928e-01 1.092244855154124889e+04 4.285728048591305196e+03 4.305722145416265221e+02 0.000000000000000000e+00
1.175500815351475242e-01 1.061939635186987653e+04 3.896648193249367978e+03 7.196194444648307353e+01 0.000000000000000000e+00
1.225369407693439466e-01 1.019125777165922773e+04 4.425888688968536371e+03 1.509396811264184350e+02 0.000000000000000000e+00
1.275260915928623784e-01 9.766657463011957589e+03 3.898851999693777998e+03 4.802478318270715931e+02 0.000000000000000000e+00
1.325302049517290137e-01 9.346651542408008027e+03 3.508845525684249878e+03 4.366223813550526245e+01 0.000000000000000000e+00
1.375062658167523766e-01 8.953568229321275794e+03 3.555557887481895705e+03 6.775249045355244562e+02 0.000000000000000000e+00
1.425134383761388901e-01 8.259517273089953960e+03 2.695410046782114478e+03 3.484252066587154104e+02 0.000000000000000000e+00
1.475259185391497030e-01 7.862829270965735304e+03 2.856488679494802000e+03 8.888382510113326873e+01 0.000000000000000000e+00
1.525299392618520433e-01 7.380036064901371901e+03 2.969161324936544133e+03 5.674931091421401561e+02 0.000000000000000000e+00
1.574945641255308670e-01 6.893622844083429300e+03 2.608784920623398193e+03 4.377416338017638964e+01 0.000000000000000000e+00
1.625189271701959481e-01 6.603515759225765578e+03 2.480130500959797246e+03 4.104854623621778273e+02 0.000000000000000000e+00
1.675460952755878086e-01 6.236984213930067199e+03 2.193505239217848612e+03 -1.364107970517363242e+02 0.000000000000000000e+00
1.725291960336882702e-01 6.029728101875370157e+03 2.323701116876557990e+03 3.694397834885648990e+02 0.000000000000000000e+00
1.775301907015699177e-01 5.758146518302649383e+03 2.021454891856873246e+03 2.914945174118964246e+02 0.000000000000000000e+00
1.825147596880773992e-01 5.585713064871049028e+03 1.862949751498051455e+03 2.076865232260153107e+02 0.000000000000000000e+00
1.875360659894858006e-01 5.413457568723265467e+03 1.771657493216707962e+03 1.283539151909342308e+02 0.000000000000000000e+00
1.925323612841613463e-01 5.195629500846995143e+03 1.717449216619028675e+03 3.169803583414758563e+01 0.000000000000000000e+00
1.975198597713469506e-01 5.033271506840331313e+03 1.486177489388146796e+03 2.761231365752854003e+02 0.000000000000000000e+00
2.025153626490958647e-01 4.825325854921125938e+03 1.531087915685869348e+03 2.729327013751869799e+02 0.000000000000000000e+00
2.075088432181976528e-01 4.632884951952247320e+03 1.432886433509592962e+03 2.290840897098368316e+02 0.000000000000000000e+00
2.125177993514315022e-01 4.459497738001499783e+03 1.332711694509883273e+03 1.931551965069866412e+02 0.000000000000000000e+00
2.175004105537196308e-01 4.246001828336237850e+03 1.220773464953517305e+03 1.224133959935046931e+02 0.000000000000000000e+00
2.225093097263723396e-01 4.110803275192816727e+03 1.170399977273403920e+03 2.882942969777533335e+02 0.000000000000000000e+00
2.275289518807653566e-01 3.982764892348878220e+03 1.158999975165322212e+03 2.756008985899013055e+02 0.000000000000000000e+00
2.325285335280651011e-01 3.824371531848579707e+03 1.033838497454735943e+03 2.514238833031834588e+02 0.000000000000000000e+00
2.375276482184167648e-01 3.694044335933125694e+03 1.047961626381365704e+03 3.027484018547377786e+02 0.000000000000000000e+00
2.424990955345757149e-01 3.577828462212000886e+03 9.544850781872144125e+02 1.680686286492230295e+02 0.000000000000000000e+00
2.474998477592641188e-01 3.467634079642378310e+03 7.978757274674228483e+02 3.436297743713611226e+02 0.000000000000000000e+00
2.525200231637342307e-01 3.346668460441787829e+03 7.934839976432859885e+02 1.785028137883599300e+02 0.000000000000000000e+00
2.575182183021308968e-01 3.265512396205471305e+03 7.412796191971336839e+02 1.720271576590125733e+02 0.000000000000000000e+00
2.625255611121785071e-01 3.179518320967744330e+03 6.660279767728189881e+02 3.303393757976161282e+02 0.000000000000000000e+00
2.675305453620264728e-01 3.068979687849719994e+03 6.852051705107322732e+02 1.489367086755233061e+02 0.000000000000000000e+00
2.725404518957729172e-01 2.964162529635071678e+03 5.752298342760329888e+02 3.123265487062207058e+02 0.000000000000000000e+00
2.775333128253933412e-01 2.896330727128831768e+03 5.670876460272991153e+02 2.631022971426995127e+02 0.000000000000000000e+00
2.825123834702271131e-01 2.813806495003651889e+03 5.215869220199519987e+02 2.831558793663860456e+02 0.000000000000000000e+00
2.875104583320110541e-01 2.721293254000607249e+03 5.088401352055639677e+02 3.077122546546352169e+02 0.000000000000000000e+00
2.924971256070411085e-01 2.620007221079732972e+03 5.067224982291073161e+02 1.354735586190462584e+02 0.000000000000000000e+00
2.975058753683166302e-01 2.556452837813901624e+03 3.978307029825166410e+02 2.755000861824386789e+02 0.000000000000000000e+00
3.025121290118005790e-01 2.488737402001411283e+03 3.949333690721700805e+02 1.371932079195831307e+02 0.000000000000000000e+00
3.075010305668673949e-01 2.442149802556260966e+03 3.185818233143725138e+02 2.558216963521358878e+02 0.000000000000000000e+00
3.125134098098725222e-01 2.372295339478588176e+03 3.105533683046921283e+02 2.752414428976265413e+02 0.000000000000000000e+00
3.175159610161296664e-01 2.311129189032953491e+03 2.806893712423199077e+02 2.703339916724884802e+02 0.000000000000000000e+00
3.225221298316593987e-01 2.245272780670002248e+03 2.777714551363287683e+02 2.285390760787099111e+02 0.000000000000000000e+00
3.275181648077025165e-01 2.180834631466752853e+03 2.265540837826379175e+02 1.600023267258426927e+02 0.000000000000000000e+00
3.325123749530838890e-01 2.117779848173572191e+03 2.365338949733117317e+02 3.428382766994753297e+02 0.000000000000000000e+00
3.374959275080861021e-01 2.067825577950629395e+03 1.587689246937684970e+02 2.291135009360542938e+02 0.000000000000000000e+00
3.424919127583013756e-01 1.991140351935628814e+03 1.889789431876873778e+02 2.219860510780866889e+02 0.000000000000000000e+00
3.475179694433840893e-01 1.967732205238434062e+03 1.537676214881156795e+02 2.400868768174156003e+02 0.000000000000000000e+00
3.525059921296319621e-01 1.920640321419306702e+03 1.244451381819172440e+02 2.050325416974597204e+02 0.000000000000000000e+00
3.575140093809558994e-01 1.871881802919396250e+03 1.140082551762354655e+02 2.608359446305325378e+02 0.000000000000000000e+00
3.625250121899730726e-01 1.818099540213147066e+03 9.638345718450322863e+01 2.266904209420385143e+02 0.000000000000000000e+00
3.675230343842288971e-01 1.779717841391396860e+03 7.085554627274051143e+01 2.606923705923627494e+02 0.000000000000000000e+00
3.725176954699483400e-01 1.751286466127809263e+03 2.957107978043034180e+01 1.882383871751510469e+02 0.000000000000000000e+00
3.775162922269590382e-01 1.703764847008757442e+03 3.029901198507496574e+01 1.801986107863788220e+02 0.000000000000000000e+00
3.825226775013818026e-01 1.673138775041035842e+03 -8.540023656123336693e+00 2.498166100884793082e+02 0.000000000000000000e+00
3.875129949299156440e-01 1.631009696747738644e+03 1.688609303651298132e+00 2.079283146857834765e+02 0.000000000000000000e+00
3.924957752247316689e-01 1.577860248367011309e+03 -4.540881194091615924e+01 2.560570747454357274e+02 0.000000000000000000e+00
3.975064587042261843e-01 1.544639575931844774e+03 -7.818018138286156216e+00 2.227697356286710999e+02 0.000000000000000000e+00
4.025281591738766318e-01 1.518258420929813838e+03 -5.041665811115640139e+01 2.680456706263764204e+02 0.000000000000000000e+00
4.075225831108515440e-01 1.482808543545607108e+03 -5.265701136961023821e+01 2.620530096196599743e+02 0.000000000000000000e+00
4.125228099574981266e-01 1.458421391552742989e+03 -5.056512558897210141e+01 2.532309805589195548e+02 0.000000000000000000e+00
4.175153165358944651e-01 1.422002633891675259e+03 -8.040578994026142823e+01 3.019020215117494672e+02 0.000000000000000000e+00
4.225112269532309561e-01 1.394298749049326261e+03 -8.529730919584463322e+01 2.392580162592303736e+02 0.000000000000000000e+00
4.275193341825957449e-01 1.361756910420246186e+03 -9.386110464463266112e+01 2.608865367179220698e+02 0.000000000000000000e+00
4.325204712563468501e-01 1.343530409395623110e+03 -1.310862134861205845e+02 2.612729166459407111e+02 0.000000000000000000e+00
4.375072259220963988e-01 1.299616422016928709e+03 -1.233675183126002253e+02 2.304665958901768477e+02 0.000000000000000000e+00
4.424932815306526490e-01 1.274652495847561568e+03 -1.312325003203234814e+02 2.391757670481582068e+02 0.000000000000000000e+00
4.475081036444470417e-01 1.253483427015407187e+03 -1.506492329507908039e+02 2.671638156947830680e+02 0.000000000000000000e+00
4.525091505980503581e-01 1.220495739553948397e+03 -1.563402172447165697e+02 2.514610913884675654e+02 0.000000000000000000e+00
4.575059382916647488e-01 1.197172117960524247e+03 -1.710606176940415821e+02 2.694727801210602252e+02 0.000000000000000000e+00
4.625073094670774654e-01 1.174943654511297837e+03 -1.714656151090422895e+02 2.546133560212851137e+02 0.000000000000000000e+00
4.675075876475686121e-01 1.152242858468159284e+03 -1.788752565106457837e+02 2.599132362121370079e+02 0.000000000000000000e+00
4.725094673409236390e-01 1.129229992098297544e+03 -2.118429647157632019e+02 2.786940375067910622e+02 0.000000000000000000e+00
4.775010455491682237e-01 1.105255111895020718e+03 -1.897051822079918111e+02 2.663265704107008105e+02 0.000000000000000000e+00
4.825040702186400021e-01 1.075999326867197396e+03 -2.163117816914552520e+02 2.664279198457398365e+02 0.000000000000000000e+00
4.875082594715782203e-01 1.064680935324581469e+03 -2.143917574977294009e+02 2.853455087843371984e+02 0.000000000000000000e+00
4.925128965755101174e-01 1.041967481091905029e+03 -2.282569588112321526e+02 2.817234641884428470e+02 0.000000000000000000e+00
4.975154922627240128e-01 1.023268117991837130e+03 -2.196220173967874700e+02 2.229399119784248455e+02 0.000000000000000000e+00
