3.798113219970482464e-03
8.299341198366977368e-03
1.293222785829474530e-02
1.764839540059406214e-02
2.256548624743046766e-02
2.777643631869635560e-02
3.269804945164275084e-02
3.761648412163147437e-02
4.263843590653306620e-02
4.756514397867403487e-02
5.262095846540340571e-02
5.756031579008965421e-02
6.254738086573084777e-02
6.757793245805240878e-02
7.255917271873940644e-02
7.753384095836814149e-02
8.251793095580771398e-02
8.752751585855111927e-02
9.254701595891280663e-02
9.754962816585227570e-02
1.025319577549815842e-01
1.075115963337573005e-01
1.125102824869452928e-01
1.175500815351475242e-01
1.225369407693439466e-01
1.275260915928623784e-01
1.325302049517290137e-01
1.375062658167523766e-01
1.425134383761388901e-01
1.475259185391497030e-01
1.525299392618520433e-01
1.574945641255308670e-01
1.625189271701959481e-01
1.675460952755878086e-01
1.725291960336882702e-01
1.775301907015699177e-01
1.825147596880773992e-01
1.875360659894858006e-01
1.925323612841613463e-01
1.975198597713469506e-01
2.025153626490958647e-01
2.075088432181976528e-01
2.125177993514315022e-01
2.175004105537196308e-01
2.225093097263723396e-01
2.275289518807653566e-01
2.325285335280651011e-01
2.375276482184167648e-01
2.424990955345757149e-01
2.474998477592641188e-01
2.525200231637342307e-01
2.575182183021308968e-01
2.625255611121785071e-01
2.675305453620264728e-01
2.725404518957729172e-01
2.775333128253933412e-01
2.825123834702271131e-01
2.875104583320110541e-01
2.924971256070411085e-01
2.975058753683166302e-01
3.025121290118005790e-01
3.075010305668673949e-01
3.125134098098725222e-01
3.175159610161296664e-01
3.225221298316593987e-01
3.275181648077025165e-01
3.325123749530838890e-01
3.374959275080861021e-01
3.424919127583013756e-01
3.475179694433840893e-01
3.525059921296319621e-01
3.575140093809558994e-01
3.625250121899730726e-01
3.675230343842288971e-01
3.725176954699483400e-01
3.775162922269590382e-01
3.825226775013818026e-01
3.875129949299156440e-01
3.924957752247316689e-01
3.975064587042261843e-01
4.025281591738766318e-01
4.075225831108515440e-01
4.125228099574981266e-01
4.175153165358944651e-01
4.225112269532309561e-01
4.275193341825957449e-01
4.325204712563468501e-01
4.375072259220963988e-01
4.424932815306526490e-01
4.475081036444470417e-01
4.525091505980503581e-01
4.575059382916647488e-01
4.625073094670774654e-01
4.675075876475686121e-01
4.725094673409236390e-01
4.775010455491682237e-01
4.825040702186400021e-01
4.875082594715782203e-01
4.925128965755101174e-01
4.975154922627240128e-01
